32
AC_000003.1                               0.0000000 0.2001669 1.4510940 1.4860857 1.4852304 1.4873036 1.4474527 1.4554869 1.4849811 1.4623415 1.4786354 1.6545862 1.7240039 1.6531427 1.7181245 1.3430127 1.8974063 1.8578477 1.9074216 1.7225850 1.4839777 1.4826256 1.4553725 1.4546514 1.4594646 1.4855384 1.4850894 1.4845314 1.4623415 1.4977703 1.5273353 1.4645907 
AC_000020.1                               0.2001669 0.0000000 1.4585697 1.4896673 1.4866942 1.4813813 1.4491222 1.4594446 1.4768497 1.4649922 1.4496238 1.5177386 1.6054492 1.4893292 1.5482122 1.1553544 1.6338516 1.6050428 1.6447512 1.5798198 1.4780796 1.4897679 1.4565409 1.4558332 1.4636357 1.4884253 1.4878418 1.4790973 1.4649922 1.4425458 1.4778278 1.4444265 
AIAMA_GOT005_OS_S43__AdV12_like_consensus 1.4510940 1.4585697 0.0000000 0.2343506 0.2347554 0.1883009 0.0080390 0.0119159 0.1881017 0.0144899 1.4054882 0.8223289 0.8424582 0.8408059 0.8470142 0.9258528 0.8695965 0.9135574 0.9017055 0.8347134 0.1946383 0.2362336 0.0132157 0.0133700 0.0098104 0.2339201 0.2338458 0.1949115 0.0144899 0.8519862 0.8651720 0.7393499 
AINWZDOG001_S37__AdV18_like_consensus     1.4860857 1.4896673 0.2343506 0.0000000 0.0099200 0.2978868 0.2327781 0.2349158 0.2967820 0.2341997 1.4282749 0.9081906 0.9285186 0.9327899 0.9387243 1.0587689 0.9329942 0.9676765 0.9551010 0.9210569 0.2889737 0.0083995 0.2331395 0.2333678 0.2352796 0.0028096 0.0027798 0.2883698 0.2341997 0.8527870 0.8735232 0.7441245 
GU191019.1                                1.4852304 1.4866942 0.2347554 0.0099200 0.0000000 0.2973431 0.2333083 0.2355966 0.2958417 0.2350360 1.4235692 0.8733589 0.8937582 0.9024814 0.9085578 1.0456717 0.8986843 0.9324166 0.9201939 0.8861221 0.2890831 0.0063609 0.2338696 0.2340980 0.2358444 0.0109856 0.0109547 0.2884025 0.2350360 0.8515689 0.8735347 0.7437456 
JF964962.1                                1.4873036 1.4813813 0.1883009 0.2978868 0.2973431 0.0000000 0.1867950 0.1889586 0.0104467 0.1884605 1.4427905 0.8851412 0.9054341 0.8925848 0.8987305 0.9956880 0.9201202 0.9788693 0.9662250 0.8978867 0.0144124 0.2977315 0.1874141 0.1874141 0.1873166 0.2982701 0.2981124 0.0201788 0.1884605 0.8737653 0.8852606 0.7580382 
KX868289.2                                1.4474527 1.4491222 0.0080390 0.2327781 0.2333083 0.1867950 0.0000000 0.0087169 0.1867258 0.0148325 1.4007284 0.8223289 0.8424582 0.8314972 0.8377430 0.9258528 0.8695965 0.9135574 0.9017055 0.8347134 0.1929746 0.2347022 0.0127156 0.0127442 0.0086020 0.2323377 0.2322626 0.1938132 0.0148325 0.8397466 0.8523302 0.7298520 
MN901805.1                                1.4554869 1.4594446 0.0119159 0.2349158 0.2355966 0.1889586 0.0087169 0.0000000 0.1885828 0.0102387 1.4065568 0.8050748 0.8253117 0.8302557 0.8365518 0.9444750 0.8528040 0.8963250 0.8845949 0.8174573 0.1956322 0.2372504 0.0077697 0.0079210 0.0117692 0.2345373 0.2344629 0.1960059 0.0102387 0.8545826 0.8674129 0.7440512 
MN901806.1                                1.4849811 1.4768497 0.1881017 0.2967820 0.2958417 0.0104467 0.1867258 0.1885828 0.0000000 0.1877897 1.4431644 0.8967441 0.9170118 0.9026030 0.9087020 0.9942340 0.9203698 0.9791248 0.9664783 0.9095229 0.0186434 0.2963047 0.1868414 0.1868414 0.1869247 0.2971652 0.2970078 0.0209905 0.1877897 0.8732341 0.8842515 0.7566924 
NC_001460.1                               1.4623415 1.4649922 0.0144899 0.2341997 0.2350360 0.1884605 0.0148325 0.0102387 0.1877897 0.0000000 1.4062991 0.8329604 0.8532599 0.8545089 0.8607322 0.9373997 0.8804789 0.9252173 0.9131533 0.8454938 0.1946553 0.2366905 0.0088604 0.0090122 0.0166168 0.2337160 0.2335183 0.1948987 0.0000010 0.8551571 0.8682535 0.7435480 
NC_001876.1                               1.4786354 1.4496238 1.4054882 1.4282749 1.4235692 1.4427905 1.4007284 1.4065568 1.4431644 1.4062991 0.0000000 1.4797016 1.4665060 1.6037270 1.5938007 1.0420614 1.5857871 1.6316006 1.5791584 1.4839007 1.4388216 1.4228229 1.4054300 1.4047837 1.4027193 1.4295795 1.4291528 1.4401770 1.4062991 1.3115415 1.4018783 1.3938293 
ON128719.1                                1.6545862 1.5177386 0.8223289 0.9081906 0.8733589 0.8851412 0.8223289 0.8050748 0.8967441 0.8329604 1.4797016 0.0000000 0.0000010 0.0097757 0.0097757 0.2669946 0.0000010 0.0000010 0.0000010 0.0000010 0.8851412 0.8733589 0.8213817 0.8213817 0.8223289 0.9197732 0.9197732 0.8851412 0.8329604 0.6115436 0.7974765 0.7968694 
ON128720.1                                1.7240039 1.6054492 0.8424582 0.9285186 0.8937582 0.9054341 0.8424582 0.8253117 0.9170118 0.8532599 1.4665060 0.0000010 0.0000000 0.0097435 0.0096170 0.2610567 0.0000010 0.0124281 0.0000010 0.0000010 0.9054341 0.8937582 0.8416945 0.8416945 0.8424582 0.9402270 0.9402270 0.9054341 0.8532599 0.6190205 0.8447176 0.8121594 
ON128721.1                                1.6531427 1.4893292 0.8408059 0.9327899 0.9024814 0.8925848 0.8314972 0.8302557 0.9026030 0.8545089 1.6037270 0.0097757 0.0097435 0.0000000 0.0000010 0.4188577 0.0130109 0.0163909 0.0163909 0.0097757 0.9023785 0.9024814 0.8444887 0.8444887 0.8408059 0.9429951 0.9429951 0.8925848 0.8545089 0.6368379 0.8094023 0.8173174 
ON128723.1                                1.7181245 1.5482122 0.8470142 0.9387243 0.9085578 0.8987305 0.8377430 0.8365518 0.9087020 0.8607322 1.5938007 0.0097757 0.0096170 0.0000010 0.0000000 0.4188577 0.0128418 0.0304663 0.0161763 0.0096484 0.9084790 0.9085578 0.8507526 0.8507526 0.8470142 0.9489175 0.9489175 0.8987305 0.8607322 0.6438270 0.8394789 0.8290216 
ON128724.1                                1.3430127 1.1553544 0.9258528 1.0587689 1.0456717 0.9956880 0.9258528 0.9444750 0.9942340 0.9373997 1.0420614 0.2669946 0.2610567 0.4188577 0.4188577 0.0000000 0.3083137 0.3385449 0.3385449 0.2669946 1.0149868 1.0189795 0.9320279 0.9320279 0.8938772 1.0728982 1.0728982 0.9942340 0.9373997 0.9461054 1.0528651 1.2157742 
ON128725.1                                1.8974063 1.6338516 0.8695965 0.9329942 0.8986843 0.9201202 0.8695965 0.8528040 0.9203698 0.8804789 1.5857871 0.0000010 0.0000010 0.0130109 0.0128418 0.3083137 0.0000000 0.0215381 0.0088457 0.0000010 0.9201202 0.8986843 0.8690775 0.8690775 0.8792959 0.9565791 0.9565791 0.9091745 0.8804789 0.6273097 0.8401113 0.8251094 
ON128726.1                                1.8578477 1.6050428 0.9135574 0.9676765 0.9324166 0.9788693 0.9135574 0.8963250 0.9791248 0.9252173 1.6316006 0.0000010 0.0124281 0.0163909 0.0304663 0.3385449 0.0215381 0.0000000 0.0117923 0.0125465 0.9788693 0.9324166 0.9133897 0.9133897 0.9129220 0.9795464 0.9795464 0.9674023 0.9252173 0.6755788 0.8405486 0.9227887 
ON128727.1                                1.9074216 1.6447512 0.9017055 0.9551010 0.9201939 0.9662250 0.9017055 0.8845949 0.9664783 0.9131533 1.5791584 0.0000010 0.0000010 0.0163909 0.0161763 0.3385449 0.0088457 0.0117923 0.0000000 0.0000010 0.9662250 0.9201939 0.9014431 0.9014431 0.9009031 0.9667593 0.9667593 0.9548750 0.9131533 0.6621956 0.8713642 0.8878140 
ON128728.1                                1.7225850 1.5798198 0.8347134 0.9210569 0.8861221 0.8978867 0.8347134 0.8174573 0.9095229 0.8454938 1.4839007 0.0000010 0.0000010 0.0097757 0.0096484 0.2669946 0.0000010 0.0125465 0.0000010 0.0000000 0.8978867 0.8861221 0.8338765 0.8338765 0.8347134 0.9327704 0.9327704 0.8978867 0.8454938 0.6232208 0.8370185 0.8043293 
OQ744647.1                                1.4839777 1.4780796 0.1946383 0.2889737 0.2890831 0.0144124 0.1929746 0.1956322 0.0186434 0.1946553 1.4388216 0.8851412 0.9054341 0.9023785 0.9084790 1.0149868 0.9201202 0.9788693 0.9662250 0.8978867 0.0000000 0.2891781 0.1939946 0.1939932 0.1941745 0.2889777 0.2888232 0.0100972 0.1946553 0.8680304 0.8780387 0.7562726 
OR609364.1                                1.4826256 1.4897679 0.2362336 0.0083995 0.0063609 0.2977315 0.2347022 0.2372504 0.2963047 0.2366905 1.4228229 0.8733589 0.8937582 0.9024814 0.9085578 1.0189795 0.8986843 0.9324166 0.9201939 0.8861221 0.2891781 0.0000000 0.2352689 0.2352689 0.2373542 0.0089065 0.0089379 0.2887837 0.2366905 0.8526612 0.8752845 0.7472016 
PP068616.1                                1.4553725 1.4565409 0.0132157 0.2331395 0.2338696 0.1874141 0.0127156 0.0077697 0.1868414 0.0088604 1.4054300 0.8213817 0.8416945 0.8444887 0.8507526 0.9320279 0.8690775 0.9133897 0.9014431 0.8338765 0.1939946 0.2352689 0.0000000 0.0000022 0.0142362 0.2327098 0.2325126 0.1942733 0.0088604 0.8553616 0.8644755 0.7421153 
PP068617.1                                1.4546514 1.4558332 0.0133700 0.2333678 0.2340980 0.1874141 0.0127442 0.0079210 0.1868414 0.0090122 1.4047837 0.8213817 0.8416945 0.8444887 0.8507526 0.9320279 0.8690775 0.9133897 0.9014431 0.8338765 0.1939932 0.2352689 0.0000022 0.0000000 0.0142362 0.2329379 0.2327406 0.1942660 0.0090122 0.8551080 0.8642215 0.7420728 
PQ336882.1                                1.4594646 1.4636357 0.0098104 0.2352796 0.2358444 0.1873166 0.0086020 0.0117692 0.1869247 0.0166168 1.4027193 0.8223289 0.8424582 0.8408059 0.8470142 0.8938772 0.8792959 0.9129220 0.9009031 0.8347134 0.1941745 0.2373542 0.0142362 0.0142362 0.0000000 0.2348465 0.2347157 0.1940508 0.0166168 0.8571814 0.8705897 0.7412086 
PX485695.1                                1.4855384 1.4884253 0.2339201 0.0028096 0.0109856 0.2982701 0.2323377 0.2345373 0.2971652 0.2337160 1.4295795 0.9197732 0.9402270 0.9429951 0.9489175 1.0728982 0.9565791 0.9795464 0.9667593 0.9327704 0.2889777 0.0089065 0.2327098 0.2329379 0.2348465 0.0000000 0.0004406 0.2886359 0.2337160 0.8522987 0.8722150 0.7443157 
PX485696.1                                1.4850894 1.4878418 0.2338458 0.0027798 0.0109547 0.2981124 0.2322626 0.2344629 0.2970078 0.2335183 1.4291528 0.9197732 0.9402270 0.9429951 0.9489175 1.0728982 0.9565791 0.9795464 0.9667593 0.9327704 0.2888232 0.0089379 0.2325126 0.2327406 0.2347157 0.0004406 0.0000000 0.2884811 0.2335183 0.8524681 0.8723840 0.7449525 
PX905700.1                                1.4845314 1.4790973 0.1949115 0.2883698 0.2884025 0.0201788 0.1938132 0.1960059 0.0209905 0.1948987 1.4401770 0.8851412 0.9054341 0.8925848 0.8987305 0.9942340 0.9091745 0.9674023 0.9548750 0.8978867 0.0100972 0.2887837 0.1942733 0.1942660 0.1940508 0.2886359 0.2884811 0.0000000 0.1948987 0.8714459 0.8832680 0.7596748 
X73487.1                                  1.4623415 1.4649922 0.0144899 0.2341997 0.2350360 0.1884605 0.0148325 0.0102387 0.1877897 0.0000010 1.4062991 0.8329604 0.8532599 0.8545089 0.8607322 0.9373997 0.8804789 0.9252173 0.9131533 0.8454938 0.1946553 0.2366905 0.0088604 0.0090122 0.0166168 0.2337160 0.2335183 0.1948987 0.0000000 0.8551571 0.8682535 0.7435480 
JN226752.1                                1.4977703 1.4425458 0.8519862 0.8527870 0.8515689 0.8737653 0.8397466 0.8545826 0.8732341 0.8551571 1.3115415 0.6115436 0.6190205 0.6368379 0.6438270 0.9461054 0.6273097 0.6755788 0.6621956 0.6232208 0.8680304 0.8526612 0.8553616 0.8551080 0.8571814 0.8522987 0.8524681 0.8714459 0.8551571 0.0000000 0.6818476 0.7933062 
AC_000007.1                               1.5273353 1.4778278 0.8651720 0.8735232 0.8735347 0.8852606 0.8523302 0.8674129 0.8842515 0.8682535 1.4018783 0.7974765 0.8447176 0.8094023 0.8394789 1.0528651 0.8401113 0.8405486 0.8713642 0.8370185 0.8780387 0.8752845 0.8644755 0.8642215 0.8705897 0.8722150 0.8723840 0.8832680 0.8682535 0.6818476 0.0000000 0.8443634 
MG925783.1                                1.4645907 1.4444265 0.7393499 0.7441245 0.7437456 0.7580382 0.7298520 0.7440512 0.7566924 0.7435480 1.3938293 0.7968694 0.8121594 0.8173174 0.8290216 1.2157742 0.8251094 0.9227887 0.8878140 0.8043293 0.7562726 0.7472016 0.7421153 0.7420728 0.7412086 0.7443157 0.7449525 0.7596748 0.7435480 0.7933062 0.8443634 0.0000000 
